

TREE # 1

  0  0.0000    918.919721  x:  0.05236   0.02818   0.03462   0.03499   0.06161   0.03419   0.06023   0.03005   0.11670   0.03856   0.02474   1.81537   1.79735   1.70894  
  1 99.0000    918.299814  x:  0.06221   0.02402   0.03900   0.04542   0.06874   0.04573   0.05511   0.02239   0.11849   0.03900   0.02426   1.81906   1.79468   1.70902  
  2 56.1181    918.174688  x:  0.06765   0.02730   0.03827   0.04239   0.07500   0.04362   0.05026   0.02060   0.11926   0.03878   0.02514   1.82601   1.78965   1.70919  
  3 20.1055    918.046874  x:  0.07058   0.02215   0.03739   0.04015   0.07981   0.04147   0.05012   0.02249   0.11902   0.03905   0.02296   1.84064   1.77900   1.70956  
  4 22.9317    916.068650  x:  0.07477   0.02749   0.04581   0.03699   0.10818   0.03856   0.08877   0.01588   0.10964   0.04729   0.02677   2.16340   1.54320   1.71794  
  5 61.7202    910.427344  x:  0.06950   0.04151   0.02523   0.06075   0.10975   0.04416   0.07976   0.03694   0.10206   0.02522   0.01827   2.97856   0.94318   1.73937  
  6 489.7188    906.662423  x:  0.06252   0.03259   0.02967   0.06144   0.09279   0.04085   0.05633   0.03378   0.10433   0.03910   0.02982   3.48093   0.57185   1.75270  
  7 1509.6840    906.094274  x:  0.06311   0.03120   0.03390   0.05394   0.08521   0.04177   0.05437   0.02480   0.10840   0.03415   0.02115   3.55977   0.51510   1.75487  
  8 300.9797    906.025127  x:  0.06597   0.03038   0.03110   0.05092   0.08250   0.04452   0.05598   0.02441   0.11148   0.03340   0.02296   3.57117   0.50979   1.75529  
  9 34.4678    905.992242  x:  0.06831   0.03145   0.03268   0.05042   0.08086   0.04510   0.05661   0.02695   0.11473   0.03469   0.02210   3.57873   0.51080   1.75572  
 10 13.2635    905.859526  x:  0.06796   0.03061   0.03151   0.05404   0.07920   0.04004   0.05713   0.02460   0.12575   0.03494   0.02193   3.61786   0.53071   1.75841  
 11 14.5496    905.513847  x:  0.05958   0.02812   0.03623   0.04771   0.07933   0.04619   0.05093   0.02505   0.13334   0.03221   0.02438   3.72490   0.59132   1.76610  
 12 60.1852    905.304013  x:  0.06155   0.02844   0.03322   0.04544   0.07382   0.04826   0.04775   0.02237   0.12738   0.03780   0.02034   3.79010   0.62934   1.77099  
 13 97.1879    905.222428  x:  0.06593   0.02739   0.03526   0.04562   0.06943   0.04615   0.04716   0.02189   0.12235   0.03547   0.02213   3.81570   0.64444   1.77306  
 14 63.7582    904.864318  x:  0.06984   0.02369   0.03965   0.04231   0.07866   0.04408   0.05492   0.01775   0.12075   0.04124   0.02406   3.98917   0.67519   2.21518  
 15  0.4033    904.736798  x:  0.07023   0.02534   0.04013   0.04420   0.07928   0.04306   0.05042   0.02167   0.12263   0.04379   0.02511   4.23958   0.68194   2.61421  
 16  0.3621    904.652548  x:  0.07029   0.02661   0.03946   0.04346   0.07801   0.04369   0.05174   0.01869   0.12202   0.04175   0.02303   4.51125   0.69022   3.07398  
 17  0.3006    904.639361  x:  0.06994   0.02547   0.03893   0.04391   0.07893   0.04396   0.05232   0.01968   0.12118   0.04103   0.02387   4.58686   0.68800   3.24448  
 18  0.1353    904.638340  x:  0.06999   0.02560   0.03885   0.04391   0.07927   0.04379   0.05205   0.01937   0.12142   0.04090   0.02374   4.60513   0.68575   3.33920  
 19  0.0458    904.637041  x:  0.07014   0.02579   0.03891   0.04375   0.07909   0.04389   0.05241   0.01962   0.12127   0.04110   0.02366   4.58003   0.68500   3.46317  
 20  0.0367    904.636586  x:  0.07000   0.02555   0.03895   0.04389   0.07900   0.04387   0.05216   0.01949   0.12129   0.04113   0.02380   4.56364   0.68496   3.50042  
 21  0.0339    904.636554  x:  0.07001   0.02557   0.03893   0.04387   0.07905   0.04388   0.05215   0.01948   0.12129   0.04103   0.02377   4.56075   0.68565   3.50543  
 22  0.0047    904.636553  x:  0.07000   0.02557   0.03893   0.04388   0.07904   0.04388   0.05215   0.01949   0.12131   0.04103   0.02378   4.56109   0.68579   3.50550  
 23  0.0003    904.636553  x:  0.07000   0.02557   0.03893   0.04388   0.07904   0.04388   0.05215   0.01949   0.12131   0.04103   0.02378   4.56120   0.68581   3.50569  
 24  0.0002    904.636553  x:  0.07000   0.02557   0.03893   0.04388   0.07904   0.04388   0.05215   0.01949   0.12131   0.04103   0.02378   4.56120   0.68581   3.50573  
 25  0.0000    904.636553  x:  0.07000   0.02557   0.03893   0.04388   0.07904   0.04388   0.05215   0.01949   0.12131   0.04103   0.02378   4.56120   0.68581   3.50573  